151966
425384
1626461
17137662
2650043
4540695
7386662
2597060
1786411
8829462
8322316
17391714
10184994
5636028
364318
17595091
37584762
20823153
5248659
9802365
4010706
1038238
2381729
4359096
17429225
10334472
3605612
4081116
1799759
16846932
3619575
702417
1150355
307324
410439
5801295
19229728
12640568
2447700
21384517
10034866
21506473
5046162
18343617
9424889
17634099
18297177
21316434
7349283
38525093
9371060
36643139
18539132
8579338
31907535
4654058
18215739
18596776
8594647
23819210
2192174
6916955
39436590
5441413
2487451
24415819
6433413
2483435
6688468
10140438
4876186
1594142
381254
6805457
3514812
10692727
29585409
13406742
4510165
5041530
712871
2468349
18549500
11667501
11027449
379604
2040945
7431425
253279
1956810
54364220
4377786
19617970
8945581
6670873
2306401
17623509
3420980
1384495
6560724
1366985
29040240
19149410
9626565
4989537
25826717
2327687
2958045
18673800
226494
14060044
5028693
5360411
26060469
9248781
7375903
689323
10927991
7433567
2360433
5980016
11298644
7862154
1563023
7067451
886986
3325119
5097318
2390978
1982597
16117126
48004415
4777478
27237738
160351
12826524
1750189
27334110
3336277
843322
4075401
3453344
6852798
6425438
16396611
1429950
1980222
1705000
3899752
3408576
652988
7245095
6404513
16750183
550235
1558411
13845754
20675014
3084500
1402370
233025
2379118
6121218
9299093
691430
4289714
3464300
9679502
36387259
1428989
912854
552386
12646283
627420
1399274
8400338
23000042
8017967
20294908
11083828
4166527
1972388
4377093
15848051
18230169
4048147
8330467
2154894
1367212
4481726
6525937
378293
2181756
13705897
377808
2712215
1031948
484982
2824223
17719062
2588088
13393144
24320785
9639083
16446022
8662689
5514043
14926216
1093495
18218602
13067773
22547725
33873385
5437621
43057564
8724529
10112323
19758847
862918
6749342
1288906
13125539
33278431
5462487
9916103
13987223
3942126
5401989
19996780
2192026
3597013
14145307
6655955
3559696
30865661
30315610
18489869
11424428
8591300
318826
191023
4799298
2461562
31940453
5067173
1361791
726043
3603640
637250
3177708
173712
4285276
16882847
5549840
4931301
2824416
1103177
9154342
5996417
1027618
4814496
5099855
16212536
28247773
3596439
24232253
7105824
3508431
7419756
1177415
359572
2988664
3473113
9576666
13771700
1794123
711917
9561234
861333
3294185
6862958
1339029
769931
2211433
13163824
12825810
16964729
15546078
4973956
13314648
48004073
37728333
1204214
2655886
14160541
12472257
3152145
16886043
19896397
6770068
1140494
6586120
9809570
7556830
1156818
5826458
12860789
16285072
10184396
3233255
6926815
42324781
1573986
22081497
826634
5555095
18790938
9781699
23576474
4742547
290292
4042643
6647263
1889159
10069689
26227215
9389468
12289070
22625427
6332568
10833469
13662469
26256249
923934
3904851
6349853
806862
7162893
6047832
10188962
5615531
366593
2626402
3543384
2430891
6461542
8413060
11887578
23210910
19208013
5862797
6616497
22591786
43926856
2399292
5912004
1448305
9258323
9026765
7346688
9258170
29659910
40314817
2229758
7537438
149293
12561374
21011021
13706899
4384370
8389108
14599271
5573087
9424313
546650
24171311
1478131
17905013
2315455
2675503
2033917
4060125
14218541
35290208
7967276
2657695
9516088
3513315
769536
10442697
5969229
9867583
11274167
15418212
16192982
21581915
207618
7492124
2831115
29931618
22054625
22350544
12704384
583905
4392032
6071829
22373307
7774929
11476568
793057
8042065
20678755
3963736
5893775
14287295
259116
5619803
8308252
5041813
25058730
3015327
12284102
24165303
8496629
5017018
2527593
28987855
23236050
21852687
773437
29292
7204308
25869154
18542434
3984610
34320959
1773191
10097914
14769572
9142587
2106428
24021210
6127682
9875371
5386507
2661248
12503580
63904267
21399369
2871204
5097462
31762417
9883919
8838747
9778689
4987357
6855830
4823278
22265216
15120632
8109207
1880647
7930889
1597979
28688075
6026885
25698
22904795
5475317
10367584
5797203
1119776
11010000
3099805
3319794
62938206
6428585
5636485
20050684
2969626
19721537
11336352
5117803
6246300
50117525
5173997
15925065
4118554
522350
5794784
9786348
8878902
9150198
12944831
806584
54168
12547327
975298
3030157
7947614
