0.533066987991
1.43327784538
5.82699108124
57.1623880863
8.83902096748
15.287416935
24.7895190716
9.00085401535
5.9555580616
30.4735090733
27.8142309189
57.1386950016
33.3302750587
18.7558598518
1.21776604652
59.2948269844
126.598797083
69.3010079861
17.3321659565
33.5680940151
13.2837769985
3.44465088844
7.8542740345
14.4388370514
58.9937257767
35.8492019176
11.8837430477
13.3587260246
6.13482904434
56.0440530777
12.4517199993
2.39543795586
3.79809808731
1.03835606575
1.38297200203
19.8276329041
65.4565889835
41.9298520088
8.15788197517
73.8555941582
33.1240608692
71.6084871292
17.0208859444
62.1186871529
31.1858489513
59.7195708752
62.9181568623
71.2762899399
25.0756599903
127.626182079
30.5624029636
121.319922924
65.1031079292
29.2473800182
105.597748041
15.399764061
60.8011269569
62.4836270809
28.3929519653
78.8411362171
7.29089713097
22.918211937
129.98290205
17.887460947
8.21931385994
84.0496098995
21.7943060398
8.23266601562
22.3575270176
33.1539721489
16.1371049881
5.286673069
1.28436994553
22.4963560104
11.8920490742
35.6767041683
98.2913548946
44.4878211021
15.1269900799
16.6364099979
2.41427397728
8.17155218124
62.671225071
38.4606821537
36.3795800209
1.25494408607
6.80633187294
26.6724178791
0.840517997742
6.5708129406
180.927512884
14.598482132
65.1819050312
31.8360240459
21.8585250378
7.68693590164
58.1430571079
11.374630928
4.52576303482
21.5457727909
4.56449007988
95.9926240444
64.917137146
34.4195950031
16.4532809258
85.6094090939
7.97497391701
9.783400774
63.6863071918
0.741719007492
46.2096338272
17.1525270939
17.6596250534
86.3200030327
30.242962122
24.8151681423
2.29759693146
36.175632
24.4843089581
7.79621696472
20.1599259377
37.4732358456
25.6878538132
5.21132898331
23.3492851257
2.99101901054
11.2566418648
17.1769649982
7.89095211029
6.57256293297
53.8248460293
158.440022945
15.8418569565
90.6046628952
0.537163972855
43.2371151447
6.01229190826
93.6905779839
11.2607808113
2.7822868824
13.6530730724
11.6549711227
23.1451911926
21.1702210903
54.7620930672
4.7275800705
6.75199794769
5.74991893768
12.9340980053
11.3979120255
2.23552703857
24.1338889599
22.0928421021
56.2942709923
1.81849217415
5.26835203171
45.8993680477
70.8220448494
10.5603249073
4.66593408585
0.776586055756
8.04827308655
20.0532579422
30.6813659668
2.26578688622
14.5075500011
11.3289470673
31.5151669979
120.918148041
4.79760885239
3.01249694824
1.81016397476
41.9077219963
2.09633803368
4.96195197105
28.1658008099
76.7135131359
26.1649501324
68.4264550209
36.6841711998
14.4053997993
6.80670404434
14.5008270741
53.3805999756
59.654720068
13.469866991
27.539839983
7.12614202499
4.48733878136
14.6377148628
21.6816868782
1.30997800827
7.24994015694
45.4907441139
1.23951101303
9.03021597862
3.40299391747
1.65367698669
9.33128786087
58.7543308735
8.83976006508
46.1686170101
80.9188361168
31.8673760891
54.340695858
28.8152160645
18.4445400238
49.1521499157
3.68728613853
60.7538290024
43.0828239918
75.4697899818
113.793348074
18.1102070808
144.461148024
28.5737669468
33.4615051746
66.5968968868
2.88711690903
22.5563089848
4.25112199783
46.6573889256
112.092986107
18.3248040676
32.7151961327
46.1649930477
13.4779100418
18.181126833
67.3894071579
7.25216007233
12.1581170559
47.6881878376
22.1397619247
11.8049697876
104.179602861
101.597216845
60.8400650024
39.684677124
28.4734609127
1.07430696487
0.633185148239
15.9541010857
8.12744903564
106.735671043
17.3276391029
4.4976170063
2.45506191254
11.9407618046
2.15220284462
10.7106218338
0.571042060852
14.5880298615
56.6455109119
18.3955099583
16.2508230209
9.39393997192
3.65802407265
30.0773339272
20.4115970135
3.38011813164
16.1731660366
16.7775628567
54.7444491386
98.9968919754
11.9102060795
80.0505349636
24.4868180752
11.7032101154
24.6416661739
3.90660500526
1.20463013649
9.93950200081
11.5805718899
33.1534659863
45.7597150803
5.92931103706
2.37525701523
31.2477068901
3.06978201866
11.0836360455
23.7182040215
4.51841306686
2.57739686966
7.30582594872
45.1446950436
43.5149431229
55.7894129753
51.7336668968
17.0080928802
44.1615490913
161.233551025
130.413949013
4.06035208702
8.90339207649
48.3011231422
41.1277370453
10.618076086
56.9000658989
66.8651208878
22.3932580948
3.85098290443
21.9774258137
33.1050918102
25.0590009689
3.92457699776
19.1897170544
42.691587925
54.5159111023
34.1895771027
10.8258459568
23.0248491764
143.135303974
5.28503203392
73.1508450508
2.78020906448
18.3192269802
64.393504858
32.507598877
78.7059180737
16.0737769604
0.998782873154
13.9469559193
22.183617115
6.23522901535
33.4075469971
87.1584310532
31.4325339794
41.3017220497
76.3090400696
20.7909440994
36.1228880882
45.2424249649
89.5864470005
3.15312099457
13.2397668362
21.1719739437
2.7604060173
24.028192997
20.1787159443
34.0491068363
19.1408531666
1.23708987236
8.90095496178
11.6863119602
8.33246183395
21.8525409698
27.9849429131
38.9524381161
78.9256870747
63.8067288399
19.6190330982
22.1525189877
74.2188298702
147.289872885
8.01845002174
19.7934370041
4.73947119713
30.4203989506
32.0779788494
24.4643568993
31.1805489063
98.312278986
136.303762913
7.52482414246
24.9146490097
0.494677066803
41.6818890572
71.4529099464
44.5613648891
14.806581974
28.3686759472
50.9244661331
18.1864178181
31.0310089588
1.83234715462
79.2110469341
4.92950487137
60.8122432232
7.92447400093
8.82279396057
6.84029197693
13.5726881027
46.7578060627
116.61984396
26.6049258709
8.8189368248
31.0567409992
11.5463078022
2.62656188011
34.5124180317
20.0907890797
32.2532389164
36.8813688755
52.1380779743
53.7116470337
71.8629131317
0.686565876007
28.6184170246
9.336384058
104.412868023
75.6740181446
73.5368430614
42.2039029598
1.95406389236
14.5566740036
20.1315279007
74.0528900623
26.1693320274
38.2369759083
2.68511295319
26.6741640568
68.4482109547
13.29753685
19.3134310246
47.4385631084
0.872507095337
19.0890629292
27.7104921341
16.7282509804
82.4868509769
10.1877129078
40.6849200726
80.0841219425
28.6597831249
16.5438740253
8.52873396873
96.7196619511
76.0712621212
72.4772341251
2.56192398071
0.0972180366516
24.3324158192
86.8771619797
62.2128210068
13.4789938927
115.816332817
6.05744504929
34.1326310635
48.5270969868
30.7716810703
6.95391798019
91.0821709633
20.526348114
33.3643679619
17.6075320244
8.96082186699
42.2224061489
219.046632051
70.4165871143
10.1883130074
16.8179600239
104.11371088
33.2847940922
29.34907794
32.5502440929
16.846269846
22.7046940327
15.8149828911
74.5751469135
51.2359530926
26.72676301
6.17062807083
26.8751978874
5.25743317604
96.0044929981
20.1393499374
0.0872509479523
76.9230298996
18.4987690449
34.0495738983
19.8952379227
3.69042491913
36.8898949623
10.6164910793
11.6665520668
209.062931061
21.8764472008
19.3373410702
65.6791729927
9.82464694977
66.7662889957
37.3773169518
16.8862428665
20.8300797939
167.790435076
17.4968791008
53.1490991116
13.5825738907
1.70657420158
19.1344161034
32.3042471409
30.3965928555
31.190541029
44.3080711365
2.68401885033
0.179361820221
42.5100870132
3.24971294403
10.2034399509
26.0043139458
